Document,CER,Tokens (OCR),Length (OCR),Tokens (Truth),Length (Truth),Manual CER,CER >= 0.21,Match Garbled (CER >= 0.21),CER >= 0.35,Match Garbled (CER >= 0.35),Time
207410_page_1.txt,11.4019,257,1306,19,107,11.4019
207410_page_2.txt,0.9302,27,124,273,1446,0.9302
207451_page_1.txt,0.1318,196,1006,201,1085,0.1318
207451_page_10.txt,0.0597,258,1313,248,1339,0.0597
207451_page_11.txt,0.0657,238,1291,220,1309,0.0657
207451_page_12.txt,0.1099,224,1228,226,1319,0.1099
207451_page_13.txt,0.0574,236,1258,234,1307,0.0574
207451_page_2.txt,0.1317,237,1096,219,1154,0.1317
207451_page_3.txt,0.1121,226,1102,196,1115,0.1121
207451_page_4.txt,0.1398,234,1206,241,1345,0.1398
207451_page_5.txt,0.1893,282,1365,283,1569,0.1893
207451_page_6.txt,0.1273,208,1115,216,1225,0.1273
207451_page_7.txt,0.0656,212,1114,210,1173,0.0656
207451_page_8.txt,0.0879,195,1019,187,1047,0.0879
207451_page_9.txt,0.0997,216,1103,218,1193,0.0997
207514_page_1.txt,0.7010,103,356,100,515,0.7010
207514_page_10.txt,0.1054,193,969,161,920,0.1054
207514_page_2.txt,0.1250,127,702,118,696,0.1250
207514_page_3.txt,0.0560,198,1032,188,1036,0.0560
207514_page_4.txt,0.0373,346,1887,340,1904,0.0373
207514_page_5.txt,0.0752,262,1431,241,1423,0.0752
207514_page_6.txt,0.0367,240,1419,236,1445,0.0367
207514_page_7.txt,0.0342,259,1459,258,1490,0.0342
207514_page_8.txt,0.0508,224,1181,217,1201,0.0508
207514_page_9.txt,0.0607,258,1299,233,1286,0.0607
207859_page_1.txt,0.5980,108,565,106,607,0.5980
207859_page_10.txt,0.0459,124,724,123,741,0.0459
207859_page_11.txt,0.0665,433,2514,439,2603,0.0665
207859_page_12.txt,0.3953,126,575,110,597,0.3953
207859_page_13.txt,0.1797,171,789,134,790,0.1797
207859_page_14.txt,0.3190,116,601,114,630,0.3190
207859_page_15.txt,0.4836,84,402,80,426,0.4836
207859_page_16.txt,0.0487,214,1140,191,1129,0.0487
207859_page_17.txt,0.0584,80,442,71,445,0.0584
207859_page_18.txt,0.1724,129,659,125,696,0.1724
207859_page_19.txt,0.0376,160,907,160,932,0.0376
207859_page_2.txt,0.0443,176,1042,178,1062,0.0443
207859_page_20.txt,0.0610,111,580,101,574,0.0610
207859_page_21.txt,0.0384,117,685,116,704,0.0384
207859_page_22.txt,0.1115,207,1135,199,1166,0.1115
207859_page_23.txt,0.0367,139,722,139,735,0.0367
207859_page_24.txt,0.0563,88,480,87,497,0.0563
207859_page_25.txt,0.0330,211,1185,210,1213,0.0330
207859_page_26.txt,0.3157,68,398,64,529,0.3157
207859_page_27.txt,0.3914,167,858,147,1321,0.3914
207859_page_28.txt,0.0303,233,1261,227,1288,0.0303
207859_page_29.txt,0.0602,71,394,74,415,0.0602
207859_page_3.txt,0.2669,43,226,43,236,0.2669
207859_page_30.txt,0.3314,120,502,107,522,0.3314
207859_page_31.txt,0.0827,299,1378,267,1390,0.0827
207859_page_32.txt,0.2583,77,374,90,484,0.2583
207859_page_33.txt,0.6303,91,351,64,357,0.6303
207859_page_4.txt,0.0806,295,1555,292,1589,0.0806
207859_page_5.txt,0.3538,126,617,111,619,0.3538
207859_page_6.txt,0.1585,152,777,152,833,0.1585
207859_page_7.txt,0.0310,177,979,178,1001,0.0310
207859_page_8.txt,0.0308,358,1867,342,1882,0.0308
207859_page_9.txt,0.0270,227,1309,226,1334,0.0270
207897_page_1.txt,0.1483,85,486,88,553,0.1483
207897_page_10.txt,0.1456,359,1923,355,2163,0.1456
207897_page_11.txt,0.2801,159,686,130,664,0.2801
207897_page_12.txt,0.1140,226,1230,215,1272,0.1140
207897_page_13.txt,0.2810,131,617,134,694,0.2810
207897_page_14.txt,0.1652,185,824,179,884,0.1652
207897_page_15.txt,0.0251,132,670,129,676,0.0251
207897_page_16.txt,0.0269,222,1130,222,1154,0.0269
207897_page_17.txt,0.0321,279,1526,266,1526,0.0321
207897_page_18.txt,0.0309,91,475,91,485,0.0309
207897_page_19.txt,0.3424,128,575,118,625,0.3424
207897_page_2.txt,0.1806,114,579,103,620,0.1806
207897_page_20.txt,0.1572,160,888,163,973,0.1572
207897_page_21.txt,0.1887,136,643,137,710,0.1887
207897_page_22.txt,0.0322,129,655,120,652,0.0322
207897_page_23.txt,0.2229,121,629,104,664,0.2229
207897_page_24.txt,0.0357,151,812,143,812,0.0357
207897_page_25.txt,0.0278,170,860,159,863,0.0278
207897_page_26.txt,0.1701,109,604,106,682,0.1701
207897_page_27.txt,0.0245,138,720,138,735,0.0245
207897_page_28.txt,0.0310,141,766,137,774,0.0310
207897_page_29.txt,0.0339,372,1910,350,1916,0.0339
207897_page_3.txt,0.1242,363,1717,311,1707,0.1242
207897_page_30.txt,0.0239,201,919,197,922,0.0239
207897_page_31.txt,0.0334,118,667,120,688,0.0334
207897_page_32.txt,0.0255,302,1666,293,1684,0.0255
207897_page_33.txt,0.1050,166,961,159,895,0.1050
207897_page_34.txt,0.2487,161,775,128,941,0.2487
207897_page_35.txt,0.0766,401,2094,370,2127,0.0766
207897_page_36.txt,0.4263,114,483,101,502,0.4263
207897_page_4.txt,0.1367,165,775,142,812,0.1367
207897_page_5.txt,0.0627,491,2377,484,2439,0.0627
207897_page_6.txt,0.0202,236,1224,230,1236,0.0202
207897_page_7.txt,0.1250,219,1082,219,1160,0.1250
207897_page_8.txt,0.3358,133,636,121,664,0.3358
207897_page_9.txt,0.1333,165,840,158,900,0.1333
207911_page_1.txt,0.2653,350,1695,314,1817,0.2653
207911_page_10.txt,0.1364,466,2458,415,2448,0.1364
207911_page_11.txt,0.1138,426,2165,390,2214,0.1138
207911_page_12.txt,0.1321,198,990,181,999,0.1321
207911_page_13.txt,0.3889,132,671,124,941,0.3889
207911_page_2.txt,0.0967,502,2750,455,2792,0.0967
207911_page_3.txt,0.2406,147,714,114,715,0.2406
207911_page_4.txt,0.1203,410,2064,382,2087,0.1203
207911_page_5.txt,0.1332,429,2320,390,2320,0.1332
207911_page_6.txt,0.1265,450,2304,415,2347,0.1265
207911_page_7.txt,0.3266,182,916,137,839,0.3266
207911_page_8.txt,0.2056,519,2511,429,2524,0.2056
207911_page_9.txt,0.1644,421,2096,387,2160,0.1644
208009_page_1.txt,0.4357,397,1732,294,1712,0.4357
208009_page_2.txt,0.2207,171,753,139,725,0.2207
208109_page_1.txt,0.6590,75,252,72,393,0.6590
208109_page_10.txt,0.3869,100,475,97,548,0.3869
208109_page_11.txt,0.5096,507,1653,344,1884,0.5096
208109_page_12.txt,0.4681,630,2499,465,2598,0.4681
208109_page_13.txt,0.4888,740,2762,530,3067,0.4888
208109_page_14.txt,0.4398,775,2995,506,3006,0.4398
208109_page_15.txt,0.4952,736,2761,514,2894,0.4952
208109_page_16.txt,0.7226,638,1756,364,2127,0.7226
208109_page_17.txt,0.7513,545,1540,494,2746,0.7513
208109_page_18.txt,0.6408,926,2602,500,2759,0.6408
208109_page_19.txt,0.5884,672,2345,552,3088,0.5884
208109_page_2.txt,0.8375,357,893,128,1237,0.8375
208109_page_20.txt,0.5121,716,2709,492,3009,0.5121
208109_page_21.txt,0.0233,428,2542,428,2576,0.0233
208109_page_22.txt,0.0226,475,2803,473,2834,0.0226
208109_page_23.txt,0.0199,450,2634,448,2670,0.0199
208109_page_24.txt,0.0287,146,860,146,871,0.0287
208109_page_25.txt,0.4655,491,2053,406,2350,0.4655
208109_page_26.txt,0.2278,691,2954,482,2757,0.2278
208109_page_27.txt,0.3648,691,2864,482,2854,0.3648
208109_page_28.txt,0.4689,652,2509,433,2574,0.4689
208109_page_29.txt,0.5004,758,2859,465,2626,0.5004
208109_page_3.txt,0.8130,281,815,107,818,0.8130
208109_page_30.txt,0.4943,737,2903,480,2824,0.4943
208109_page_31.txt,0.3940,362,1351,247,1401,0.3940
208109_page_32.txt,0.6470,539,1710,336,2048,0.6470
208109_page_33.txt,0.5301,921,2908,508,2837,0.5301
208109_page_34.txt,0.2960,708,2875,521,2875,0.2960
208109_page_35.txt,0.4451,750,2913,495,2786,0.4451
208109_page_36.txt,0.4085,774,2804,481,2720,0.4085
208109_page_37.txt,0.4616,1017,3328,517,2979,0.4616
208109_page_38.txt,0.4978,651,2482,439,2503,0.4978
208109_page_39.txt,0.4061,693,2794,450,2566,0.4061
208109_page_4.txt,0.4746,791,2711,448,2653,0.4746
208109_page_40.txt,0.2770,623,2668,454,2534,0.2770
208109_page_41.txt,0.4306,411,1577,210,1275,0.4306
208109_page_42.txt,0.3740,600,2376,416,2310,0.3740
208109_page_43.txt,0.3485,705,2779,453,2502,0.3485
208109_page_44.txt,0.1676,537,2714,447,2619,0.1676
208109_page_45.txt,0.2074,595,2878,469,2802,0.2074
208109_page_46.txt,0.5176,328,1255,239,1447,0.5176
208109_page_47.txt,0.3304,514,2218,387,2152,0.3304
208109_page_48.txt,0.5146,319,1222,219,1475,0.5146
208109_page_49.txt,0.1646,612,2983,534,2922,0.1646
208109_page_5.txt,0.3539,114,427,75,438,0.3539
208109_page_50.txt,0.3129,732,3305,519,3017,0.3129
208109_page_51.txt,0.2442,510,2438,389,2330,0.2442
208109_page_52.txt,0.2759,632,2988,503,2936,0.2759
208109_page_53.txt,0.3494,657,3109,492,2959,0.3494
208109_page_54.txt,0.4811,301,1310,172,1295,0.4811
208109_page_55.txt,0.1881,557,2694,440,2594,0.1881
208109_page_56.txt,0.2536,635,3013,468,2772,0.2536
208109_page_57.txt,0.1511,538,2567,413,2442,0.1511
208109_page_58.txt,0.2048,509,2518,441,2485,0.2048
208109_page_59.txt,0.2296,617,2863,463,2666,0.2296
208109_page_6.txt,0.2550,404,1815,338,1894,0.2550
208109_page_60.txt,0.3345,638,2751,485,2667,0.3345
208109_page_61.txt,1.7250,325,759,49,320,1.7250
208109_page_62.txt,0.2414,574,2527,409,2307,0.2414
208109_page_63.txt,0.2725,297,1276,206,1189,0.2725
208109_page_64.txt,0.2461,570,2624,409,2454,0.2461
208109_page_65.txt,0.3644,498,2079,347,2069,0.3644
208109_page_66.txt,0.3086,378,1620,272,1520,0.3086
208109_page_67.txt,0.4096,550,2354,447,2615,0.4096
208109_page_68.txt,0.0808,526,2827,470,2773,0.0808
208109_page_69.txt,0.1714,616,2938,463,2736,0.1714
208109_page_7.txt,0.8656,270,585,386,2173,0.8656
208109_page_70.txt,0.1705,581,2775,451,2657,0.1705
208109_page_71.txt,0.2171,528,2480,399,2372,0.2171
208109_page_72.txt,0.3945,229,859,125,801,0.3945
208109_page_73.txt,0.2720,555,2707,426,2518,0.2720
208109_page_74.txt,0.1969,565,2756,474,2667,0.1969
208109_page_75.txt,0.3425,545,2388,408,2412,0.3425
208109_page_76.txt,0.3598,323,1334,202,1195,0.3598
208109_page_8.txt,0.7941,429,1124,444,2608,0.7941
208109_page_9.txt,0.2479,567,2630,456,2634,0.2479
208144_page_1.txt,0.1757,343,1882,357,2037,0.1757
208144_page_2.txt,0.0627,326,1753,286,1707,0.0627
208144_page_3.txt,0.1085,349,1890,331,1927,0.1085
208144_page_4.txt,0.0631,236,1267,226,1237,0.0631
208283_page_1.txt,0.2073,125,556,94,574,0.2073
208283_page_10.txt,0.0833,212,1034,185,1033,0.0833
208283_page_11.txt,0.3167,314,1142,213,1124,0.3167
208283_page_12.txt,0.1274,247,1135,218,1138,0.1274
208283_page_13.txt,0.0445,128,633,121,629,0.0445
208283_page_14.txt,0.4750,406,1154,225,1118,0.4750
208283_page_15.txt,0.0922,160,775,139,770,0.0922
208283_page_16.txt,0.1908,427,1877,342,1845,0.1908
208283_page_17.txt,0.0882,231,1181,198,1145,0.0882
208283_page_18.txt,0.2559,174,659,113,633,0.2559
208283_page_19.txt,0.2277,387,1602,288,1590,0.2277
208283_page_2.txt,0.1396,333,1549,303,1576,0.1396
208283_page_20.txt,0.0816,221,1109,187,1091,0.0816
208283_page_21.txt,0.6524,120,408,90,489,0.6524
208283_page_22.txt,0.0515,80,419,81,427,0.0515
208283_page_23.txt,0.1429,154,790,171,875,0.1429
208283_page_24.txt,0.0482,142,693,127,685,0.0482
208283_page_25.txt,0.3354,202,952,143,1121,0.3354
208283_page_26.txt,0.2013,196,884,176,919,0.2013
208283_page_27.txt,0.1445,242,1092,200,1059,0.1445
208283_page_28.txt,0.0353,89,480,85,481,0.0353
208283_page_29.txt,0.1040,195,982,163,971,0.1040
208283_page_3.txt,0.1662,343,1453,259,1402,0.1662
208283_page_30.txt,0.2664,421,1615,274,1513,0.2664
208283_page_31.txt,0.1255,297,1427,254,1394,0.1255
208283_page_32.txt,0.0428,126,656,121,654,0.0428
208283_page_33.txt,0.0892,135,751,127,740,0.0892
208283_page_34.txt,0.0425,194,903,182,894,0.0425
208283_page_35.txt,0.0458,239,961,225,960,0.0458
208283_page_36.txt,0.0699,171,885,157,873,0.0699
208283_page_37.txt,0.0964,201,971,174,965,0.0964
208283_page_38.txt,0.2843,245,975,192,1150,0.2843
208283_page_39.txt,0.1483,198,863,183,870,0.1483
208283_page_4.txt,0.1027,340,1602,287,1558,0.1027
208283_page_40.txt,0.2806,120,506,116,556,0.2806
208283_page_41.txt,0.1304,181,904,171,920,0.1304
208283_page_42.txt,0.2347,159,700,135,703,0.2347
208283_page_43.txt,0.4137,116,472,124,626,0.4137
208283_page_5.txt,0.1884,225,950,178,913,0.1884
208283_page_6.txt,0.1001,345,1674,315,1688,0.1001
208283_page_7.txt,0.3135,137,620,125,673,0.3135
208283_page_8.txt,0.2603,230,1040,214,1333,0.2603
208283_page_9.txt,0.0942,272,1372,257,1401,0.0942
208545_page_1.txt,0.3694,382,1551,185,1681,0.3694
208545_page_10.txt,0.1153,332,1851,371,2081,0.1153
208545_page_11.txt,0.1833,150,787,161,900,0.1833
208545_page_12.txt,0.0776,496,2692,471,2782,0.0776
208545_page_13.txt,0.0871,446,2450,435,2536,0.0871
208545_page_14.txt,0.2418,155,699,164,827,0.2418
208545_page_15.txt,0.0889,496,2714,491,2880,0.0889
208545_page_16.txt,0.0722,420,2349,409,2451,0.0722
208545_page_17.txt,0.7386,36,129,31,153,0.7386
208545_page_18.txt,0.1737,299,1571,304,1733,0.1737
208545_page_19.txt,0.2566,415,2003,378,2284,0.2566
208545_page_2.txt,0.3559,367,1521,176,1613,0.3559
208545_page_20.txt,0.0482,364,2129,364,2179,0.0482
208545_page_21.txt,0.0748,232,1352,238,1404,0.0748
208545_page_22.txt,0.0313,486,2715,489,2745,0.0313
208545_page_23.txt,0.0383,481,2962,469,3004,0.0383
208545_page_24.txt,0.0305,522,3206,527,3278,0.0305
208545_page_25.txt,0.0442,531,3163,530,3255,0.0442
208545_page_26.txt,0.0881,492,2936,493,3132,0.0881
208545_page_27.txt,0.0499,331,1941,328,2005,0.0499
208545_page_28.txt,0.0455,452,2712,446,2750,0.0455
208545_page_29.txt,0.0507,495,2866,492,2921,0.0507
208545_page_3.txt,0.1680,422,2188,370,2363,0.1680
208545_page_30.txt,0.0399,559,3287,555,3336,0.0399
208545_page_31.txt,0.0468,543,3111,533,3163,0.0468
208545_page_32.txt,0.0334,519,3068,522,3117,0.0334
208545_page_33.txt,0.0451,562,3297,552,3351,0.0451
208545_page_34.txt,0.0854,86,460,89,480,0.0854
208545_page_35.txt,0.0400,460,2629,449,2676,0.0400
208545_page_36.txt,0.0300,471,2978,470,3033,0.0300
208545_page_37.txt,0.0472,494,2821,482,2884,0.0472
208545_page_38.txt,0.0493,571,3306,567,3405,0.0493
208545_page_39.txt,0.1177,499,2898,491,3102,0.1177
208545_page_4.txt,0.1305,432,2502,439,2767,0.1305
208545_page_40.txt,0.0284,343,2057,335,2080,0.0284
208545_page_41.txt,0.0838,423,2576,433,2744,0.0838
208545_page_42.txt,0.0998,332,1999,315,2084,0.0998
208545_page_43.txt,0.1624,328,1918,313,2106,0.1624
208545_page_44.txt,0.8457,35,79,36,162,0.8457
208545_page_45.txt,0.3765,517,2299,476,2826,0.3765
208545_page_46.txt,0.1607,521,2781,500,3031,0.1607
208545_page_47.txt,0.2947,309,1522,285,1724,0.2947
208545_page_48.txt,0.0260,554,2941,547,2996,0.0260
208545_page_49.txt,0.0647,380,2054,345,2056,0.0647
208545_page_5.txt,0.2747,432,2099,395,2439,0.2747
208545_page_50.txt,0.0338,468,2606,468,2659,0.0338
208545_page_51.txt,0.0948,532,2979,523,3134,0.0948
208545_page_52.txt,0.4650,615,2577,576,3267,0.4650
208545_page_53.txt,0.3476,543,2659,511,3087,0.3476
208545_page_54.txt,0.0694,424,2544,423,2593,0.0694
208545_page_55.txt,0.2144,308,1571,304,1772,0.2144
208545_page_6.txt,0.1334,426,2363,419,2542,0.1334
208545_page_7.txt,0.2842,166,721,147,848,0.2842
208545_page_8.txt,0.0509,549,3142,552,3243,0.0509
208545_page_9.txt,0.2006,151,817,164,952,0.2006
208571_page_1.txt,0.1393,205,891,190,926,0.1393
208571_page_2.txt,0.6284,127,498,136,1028,0.6284
208571_page_3.txt,0.0666,224,937,209,931,0.0666
208571_page_4.txt,0.4941,205,938,208,1536,0.4941
208571_page_5.txt,0.2851,250,1152,234,1389,0.2851
208656_page_1.txt,0.2436,459,1869,341,1942,0.2436
208656_page_2.txt,0.3800,711,2098,394,2092,0.3800
208656_page_3.txt,0.3921,687,2057,385,2086,0.3921
208656_page_4.txt,0.5289,756,2004,383,2182,0.5289
208656_page_5.txt,0.3760,572,1904,333,1955,0.3760
208656_page_6.txt,0.3811,286,984,173,1018,0.3811
208682_page_1.txt,0.1472,475,2107,377,1991,0.1472
208682_page_2.txt,0.1437,485,2234,401,2227,0.1437
208682_page_3.txt,0.1345,271,1207,229,1249,0.1345
208748_page_1.txt,0.4637,54,251,45,289,0.4637
208748_page_10.txt,0.4387,194,927,164,1167,0.4387
208748_page_11.txt,0.5466,240,1168,230,2124,0.5466
208748_page_12.txt,0.6364,1567,6398,1415,10843,0.6364
208748_page_13.txt,0.3339,271,1375,261,1872,0.3339
208748_page_14.txt,0.1853,129,706,131,842,0.1853
208748_page_15.txt,0.1930,297,1582,279,1819,0.1930
208748_page_16.txt,0.1789,114,608,101,626,0.1789
208748_page_17.txt,0.1755,352,1903,348,2200,0.1755
208748_page_18.txt,0.1836,208,1048,208,1247,0.1836
208748_page_19.txt,0.1730,206,1081,206,1237,0.1730
208748_page_2.txt,0.0853,135,698,120,692,0.0853
208748_page_20.txt,0.0383,233,1244,221,1253,0.0383
208748_page_21.txt,0.1719,102,562,100,634,0.1719
208748_page_22.txt,0.5318,147,524,128,850,0.5318
208748_page_23.txt,0.2752,165,908,173,1192,0.2752
208748_page_24.txt,0.2732,217,1132,226,1519,0.2732
208748_page_25.txt,0.5152,92,475,85,856,0.5152
208748_page_26.txt,0.3064,148,834,150,1162,0.3064
208748_page_27.txt,0.6006,36,171,41,358,0.6006
208748_page_28.txt,0.2044,180,968,177,1179,0.2044
208748_page_29.txt,0.2283,147,809,144,990,0.2283
208748_page_3.txt,0.4874,79,404,74,716,0.4874
208748_page_30.txt,0.3380,166,903,177,1343,0.3380
208748_page_31.txt,0.2704,135,737,129,832,0.2704
208748_page_32.txt,0.0424,232,1269,206,1250,0.0424
208748_page_33.txt,0.2390,81,418,68,456,0.2390
208748_page_34.txt,0.4739,344,1438,345,2357,0.4739
208748_page_35.txt,0.6801,249,837,225,1663,0.6801
208748_page_36.txt,0.5014,309,1185,244,1795,0.5014
208748_page_37.txt,0.5114,100,394,85,612,0.5114
208748_page_38.txt,0.6455,463,1484,397,2891,0.6455
208748_page_39.txt,0.6132,229,980,263,2006,0.6132
208748_page_4.txt,0.3060,286,1386,289,1954,0.3060
208748_page_40.txt,0.1591,210,1097,212,1270,0.1591
208748_page_41.txt,0.2764,145,726,143,937,0.2764
208748_page_42.txt,0.1881,165,926,163,1111,0.1881
208748_page_43.txt,0.2293,148,782,144,977,0.2293
208748_page_44.txt,0.3063,298,1350,248,1655,0.3063
208748_page_45.txt,0.2906,65,338,61,437,0.2906
208748_page_46.txt,0.4704,212,1014,206,1805,0.4704
208748_page_47.txt,0.1496,255,1311,246,1410,0.1496
208748_page_48.txt,0.2624,142,704,138,846,0.2624
208748_page_49.txt,0.1503,216,1086,207,1224,0.1503
208748_page_5.txt,0.4027,103,447,98,673,0.4027
208748_page_50.txt,0.1469,178,852,164,926,0.1469
208748_page_51.txt,0.2515,191,1031,191,1340,0.2515
208748_page_52.txt,0.1932,134,665,133,761,0.1932
208748_page_53.txt,0.1381,208,1088,200,1224,0.1381
208748_page_54.txt,0.3301,128,651,128,918,0.3301
208748_page_55.txt,0.1933,171,864,169,1050,0.1933
208748_page_56.txt,0.4033,99,454,102,719,0.4033
208748_page_57.txt,0.6261,149,628,170,1035,0.6261
208748_page_58.txt,0.1337,201,1014,202,1144,0.1337
208748_page_59.txt,0.3115,170,818,153,1021,0.3115
208748_page_6.txt,0.2254,349,1715,337,2076,0.2254
208748_page_60.txt,0.2031,332,1600,321,1915,0.2031
208748_page_61.txt,0.2341,333,1669,337,2093,0.2341
208748_page_62.txt,0.1521,215,1134,217,1315,0.1521
208748_page_63.txt,0.3277,131,672,129,952,0.3277
208748_page_64.txt,0.1969,176,861,179,1031,0.1969
208748_page_65.txt,0.4642,112,476,111,823,0.4642
208748_page_66.txt,0.3602,40,163,31,186,0.3602
208748_page_67.txt,0.6959,243,775,213,1289,0.6959
208748_page_68.txt,0.7777,139,438,173,1138,0.7777
208748_page_69.txt,0.6909,119,446,117,1058,0.6909
208748_page_7.txt,0.1483,288,1523,289,1733,0.1483
208748_page_70.txt,0.7399,281,926,262,1876,0.7399
208748_page_71.txt,0.7606,76,245,70,543,0.7606
208748_page_72.txt,0.0401,232,1223,218,1221,0.0401
208748_page_73.txt,0.3139,141,641,131,790,0.3139
208748_page_74.txt,0.2108,284,1467,281,1765,0.2108
208748_page_75.txt,0.2353,77,366,82,425,0.2353
208748_page_76.txt,0.2459,161,844,162,1098,0.2459
208748_page_77.txt,0.2141,220,1080,214,1294,0.2141
208748_page_78.txt,0.1237,206,1079,203,1213,0.1237
208748_page_79.txt,0.2862,248,1148,237,1443,0.2862
208748_page_8.txt,0.1506,319,1616,304,1826,0.1506
208748_page_80.txt,0.0526,156,883,158,912,0.0526
208748_page_81.txt,0.2528,187,963,176,1088,0.2528
208748_page_82.txt,0.2242,281,1541,276,1927,0.2242
208748_page_83.txt,0.5654,60,267,60,566,0.5654
208748_page_84.txt,0.5920,303,1087,299,1892,0.5920
208748_page_85.txt,0.5807,161,601,172,1097,0.5807
208748_page_86.txt,0.6138,146,552,142,1059,0.6138
208748_page_87.txt,0.6299,294,1110,316,2386,0.6299
208748_page_88.txt,0.2947,333,1544,301,1931,0.2947
208748_page_89.txt,0.2361,395,1840,369,2143,0.2361
208748_page_9.txt,0.2213,275,1415,267,1758,0.2213
208748_page_90.txt,0.1926,366,1819,359,2129,0.1926
208748_page_91.txt,0.4931,217,1057,218,1890,0.4931
208748_page_92.txt,0.2958,402,1743,327,2096,0.2958
208748_page_93.txt,0.2518,371,1841,345,2196,0.2518
208748_page_94.txt,0.2514,346,1782,323,2164,0.2514
208748_page_95.txt,0.2425,410,1947,375,2260,0.2425
208748_page_96.txt,0.2690,104,564,100,710,0.2690
208787_page_1.txt,0.6809,390,1936,365,1962,0.6809
208787_page_2.txt,0.3887,255,1304,325,1837,0.3887
208787_page_3.txt,0.4100,62,308,89,478,0.4100
208787_page_4.txt,0.8637,72,178,153,763,0.8637
208850_page_1.txt,0.5000,77,276,48,272,0.5000
208850_page_10.txt,0.1639,376,1854,324,1891,0.1639
208850_page_11.txt,0.3203,394,1632,286,1689,0.3203
208850_page_12.txt,0.2013,377,1829,293,1808,0.2013
208850_page_13.txt,0.2830,172,684,118,682,0.2830
208850_page_2.txt,0.0652,352,1841,352,1887,0.0652
208850_page_3.txt,0.0906,371,1978,348,1932,0.0906
208850_page_4.txt,0.2803,198,1156,177,1409,0.2803
208850_page_5.txt,0.1017,397,1980,353,1986,0.1017
208850_page_6.txt,0.0947,392,2120,381,2175,0.0947
208850_page_7.txt,0.1397,435,2193,374,2233,0.1397
208850_page_8.txt,0.2267,546,2580,420,2514,0.2267
208850_page_9.txt,0.1341,363,1895,329,1954,0.1341
208862_page_1.txt,0.1310,276,1399,277,1504,0.1310
208862_page_10.txt,0.4460,463,1865,411,2363,0.4460
208862_page_11.txt,0.4044,446,1929,398,2354,0.4044
208862_page_12.txt,0.2126,389,2011,376,2248,0.2126
208862_page_13.txt,0.2833,65,319,66,360,0.2833
208862_page_14.txt,0.2975,44,178,48,242,0.2975
208862_page_15.txt,0.1604,361,1811,356,1995,0.1604
208862_page_16.txt,0.1450,394,2048,391,2234,0.1450
208862_page_17.txt,0.3830,28,141,31,188,0.3830
208862_page_18.txt,0.5640,36,123,51,250,0.5640
208862_page_19.txt,0.3807,570,2167,373,2062,0.3807
208862_page_2.txt,0.0557,541,3143,548,3230,0.0557
208862_page_20.txt,0.3300,590,2457,419,2312,0.3300
208862_page_21.txt,1.8726,158,361,33,157,1.8726
208862_page_22.txt,0.4385,331,1402,298,1822,0.4385
208862_page_23.txt,0.6020,30,98,46,201,0.6020
208862_page_24.txt,0.5423,57,263,69,378,0.5423
208862_page_25.txt,0.2064,349,1586,258,1492,0.2064
208862_page_26.txt,0.1028,471,2483,417,2460,0.1028
208862_page_27.txt,0.3961,154,755,155,881,0.3961
208862_page_28.txt,0.4393,167,648,86,519,0.4393
208862_page_29.txt,1.2527,137,339,42,186,1.2527
208862_page_3.txt,0.0482,526,3005,536,3069,0.0482
208862_page_30.txt,0.3822,292,1348,286,1711,0.3822
208862_page_31.txt,0.6441,126,465,135,798,0.6441
208862_page_32.txt,0.5988,33,107,33,162,0.5988
208862_page_33.txt,0.2328,447,2403,429,2556,0.2328
208862_page_34.txt,0.0919,468,2582,460,2699,0.0919
208862_page_35.txt,0.2527,554,2713,541,3059,0.2527
208862_page_36.txt,0.2284,232,1059,216,1182,0.2284
208862_page_37.txt,0.3476,58,182,45,210,0.3476
208862_page_4.txt,0.0306,161,875,160,881,0.0306
208862_page_5.txt,0.2126,54,220,56,254,0.2126
208862_page_6.txt,0.2315,354,1883,343,2125,0.2315
208862_page_7.txt,0.1622,295,1470,289,1597,0.1622
208862_page_8.txt,0.3030,369,1667,354,1891,0.3030
208862_page_9.txt,0.3340,91,400,82,476,0.3340
208941_page_1.txt,0.7531,107,333,92,482,0.7531
208941_page_10.txt,0.1911,297,1490,276,1633,0.1911
208941_page_11.txt,0.0811,232,1268,223,1283,0.0811
208941_page_12.txt,0.0713,243,1351,231,1389,0.0713
208941_page_13.txt,0.0464,260,1553,254,1572,0.0464
208941_page_14.txt,0.0510,284,1618,283,1647,0.0510
208941_page_15.txt,0.0495,266,1504,261,1534,0.0495
208941_page_16.txt,0.0512,299,1651,294,1681,0.0512
208941_page_17.txt,0.0729,267,1414,258,1441,0.0729
208941_page_18.txt,0.0477,269,1508,265,1532,0.0477
208941_page_19.txt,0.0629,186,1007,182,1033,0.0629
208941_page_2.txt,0.1446,84,415,71,401,0.1446
208941_page_20.txt,0.0843,307,1678,289,1697,0.0843
208941_page_21.txt,0.0379,312,1785,309,1793,0.0379
208941_page_22.txt,0.0542,308,1701,304,1715,0.0542
208941_page_23.txt,0.1006,318,1718,289,1750,0.1006
208941_page_24.txt,0.1175,306,1727,295,1813,0.1175
208941_page_25.txt,0.0805,328,1807,309,1825,0.0805
208941_page_26.txt,0.0662,296,1696,289,1723,0.0662
208941_page_27.txt,0.0564,304,1734,295,1773,0.0564
208941_page_28.txt,0.0820,310,1697,296,1720,0.0820
208941_page_29.txt,0.0805,309,1678,291,1689,0.0805
208941_page_3.txt,0.4401,197,961,129,1086,0.4401
208941_page_30.txt,0.0306,304,1708,301,1733,0.0306
208941_page_31.txt,0.1128,297,1712,294,1756,0.1128
208941_page_32.txt,0.1152,349,1735,305,1753,0.1152
208941_page_33.txt,0.0757,317,1633,294,1638,0.0757
208941_page_34.txt,0.0534,316,1705,296,1722,0.0534
208941_page_35.txt,0.0553,301,1679,278,1682,0.0553
208941_page_36.txt,0.1524,328,1636,276,1647,0.1524
208941_page_37.txt,0.1246,348,1738,297,1742,0.1246
208941_page_38.txt,0.2193,363,1634,289,1660,0.2193
208941_page_39.txt,0.0780,332,1806,308,1808,0.0780
208941_page_4.txt,0.0582,233,1352,226,1375,0.0582
208941_page_40.txt,0.0694,303,1677,290,1687,0.0694
208941_page_41.txt,0.1330,346,1670,290,1654,0.1330
208941_page_42.txt,0.1183,352,1686,293,1691,0.1183
208941_page_43.txt,0.0675,302,1711,280,1719,0.0675
208941_page_44.txt,0.0772,321,1748,290,1749,0.0772
208941_page_45.txt,0.1541,344,1604,288,1629,0.1541
208941_page_46.txt,0.2188,92,416,72,416,0.2188
208941_page_5.txt,0.0502,277,1617,272,1652,0.0502
208941_page_6.txt,0.0699,131,710,127,715,0.0699
208941_page_7.txt,0.0819,282,1465,266,1489,0.0819
208941_page_8.txt,0.0944,96,533,96,551,0.0944
208941_page_9.txt,0.1049,282,1469,275,1564,0.1049
208955_page_1.txt,0.2663,339,1676,294,1806,0.2663
208955_page_2.txt,0.0774,562,3127,531,3152,0.0774

Average Character Error Rate for all documents,0.2706
Total time to process all documents,15.7945 seconds
Total tokens (OCR) for all documents,153141
Total characters (OCR) for all documents,726893
Total tokens (Truth) for all documents,132514
Total characters (Truth) for all documents,786994
